10
1
0 1 47 0.46
0 2 12.41 0.4
0 3 59 0.03
0 4 48.5 0.1
0 5 26.895 0.0
0 6 75 0.0
0 7 66 0
0 8 93.243 0.0
0 9 39.6 0.0
1 2 93 0.008
1 3 76.88 0
1 4 37.85 0.0
1 5 43.748 0.001
1 6 79 0.0
1 7 28.484 0.0
1 8 78.5 0.0
1 9 61.9 0.0
2 3 42.5 0.0
2 4 55 0.0
2 5 73.2 0.0
2 6 82.1 0.0
2 7 10.7 0.0
2 8 39.695 0.0
2 9 88.1 0.0
3 4 35.44 0.0
3 5 42.9 0.0
3 6 81 0.0
3 7 46.1 0.0
3 8 19.79 0.0
3 9 88.5 0.0
4 5 37 0.0
4 6 16 0
4 7 53 0
4 8 16.4 0.0
4 9 67.78 0.0
5 6 71.1 0
5 7 37 0.0
5 8 11.4 0.0
5 9 78.992 0.0
6 7 79.7 0.0
6 8 14.59 0.0
6 9 72.9 0.0
7 8 37 0
7 9 60.39 0
8 9 37 0
