20
22.1
0 14 59.46 0.3
1 4 29 1.2
2 16 74.38 0.57
5 13 96.545 0.17
6 13 26.74 0.36
5 6 18.768 0
7 12 64.0 0.946
8 9 22 0.39
8 11 98 0
9 11 73.541 0.608
15 18 20.539 1.2
0 1 9 1.282
0 2 11.6 1.026
0 3 16.71 1.2
0 4 23.1 1.2
0 5 4 0.761
0 6 9.9 0.74
0 7 24.2 0
0 8 11.184 0.99
0 9 13.94 0
0 10 16.962 1
0 11 16.13 0
0 12 54.96 1.06
0 13 6.8 0.7
0 15 11.26 1.2
0 16 3.4 1
0 17 9 1
0 18 4.399 1.235
0 19 1.6 1
1 2 24 1.24
1 3 0.498 1.24
1 5 2.449 1.29
1 6 9.437 1.2
1 7 28.5 1.236
1 8 2.753 1
1 9 5 1.2
1 10 8.8 1.2
1 11 4.86 1.292
1 12 21.3 1.2
1 13 8.79 1.251
1 14 3 1.2
1 15 15.9 1.2
1 16 6.21 1.29
1 17 8.22 1.29
1 18 9.94 1.21
1 19 13.1 1.215
2 3 15.6 1.23
2 4 0.571 1.229
2 5 14.871 0.913
2 6 17.83 0.65
2 7 3 1.187
2 8 11.6 1.2
2 9 12.0 1
2 10 2.47 1.2
2 11 14 1.13
2 12 56.6 1.11
2 13 5.7 0.79
2 14 11.5 0
2 15 18.2 1.296
2 17 4.72 1.2
2 18 14.15 1.209
2 19 16.0 1.226
3 4 9.666 1
3 5 0 1.253
3 6 13.77 1.256
3 7 6.246 1.2
3 8 5.163 1.285
3 9 8.24 1.2
3 10 13.9 1.245
3 11 4.2 1.29
3 12 10.457 1.28
3 13 1.12 1
3 14 17.057 1.26
3 15 6.54 1.29
3 16 1.45 1
3 17 12.78 1.25
3 18 16.42 1.27
3 19 11.88 1
4 5 15.62 1.24
4 6 5 1.2
4 7 7.13 1
4 8 2.877 1.282
4 9 20.3 1.2
4 10 16.6 1.23
4 11 7.92 1.28
4 12 26 1.24
4 13 18.26 1.256
4 14 14.7 1.2
4 15 18.31 1.221
4 16 0.49 1.29
4 17 0 1.21
4 18 8.2 1.2
4 19 0 1
5 7 3 0.97
5 8 11.304 0.647
5 9 12.054 0.933
5 10 4.792 1.238
5 11 13.7 0.99
5 12 10 1
5 14 8 0.829
5 15 14.594 1.27
5 16 11.462 0.7
5 17 6.527 1.2
5 18 15 1.276
5 19 6 1.25
6 7 3.7 1.09
6 8 10 1
6 9 13.8 0
6 10 17.278 1.206
6 11 14.7 0.8
6 12 7.606 1
6 14 14.1 0.609
6 15 3.64 1
6 16 16.9 1
6 17 8.34 1.23
6 18 12.35 1.212
6 19 3 1.245
7 8 17 1
7 9 1.1 1.2
7 10 4.1 1.29
7 11 13.2 1
7 13 17.58 1.03
7 14 47.7 0.97
7 15 3.3 1.2
7 16 37 1
7 17 10.189 1
7 18 13.38 1.2
7 19 13.09 1.21
8 10 14.7 1
8 12 13.0 1
8 13 2 0.8
8 14 17.707 1.16
8 15 15.499 1
8 16 14.08 0.85
8 17 13 1.22
8 18 19.13 1.2
8 19 8.839 1.24
9 10 13 1
9 12 8.8 1.0
9 13 9.7 0.71
9 14 15.183 1.0
9 15 10.21 1
9 16 18.86 0.967
9 17 3.33 1.263
9 18 6 1
9 19 11.56 1
10 11 0.339 1
10 12 9.9 1
10 13 4.128 1.29
10 14 18.0 1.2
10 15 15.64 1.233
10 16 16.4 1
10 17 4.961 1.292
10 18 3.8 1
10 19 18.6 1.2
11 12 8.464 1
11 13 7.64 0.9
11 14 14.86 0.91
11 15 10.36 1.2
11 16 8.0 0.6
11 17 6.9 1.21
11 18 8.12 1.296
11 19 3.5 1.2
12 13 18.547 1
12 14 49.91 0.983
12 15 12.346 1.25
12 16 47.94 0.94
12 17 13 1.2
12 18 2.4 1.22
12 19 5 1.2
13 14 1.99 0.6
13 15 9.9 1.245
13 16 18.249 0
13 17 12.77 1.231
13 18 11 1.2
13 19 4.5 1.22
14 15 10 1.211
14 16 15 1.2
14 17 14.1 1.28
14 18 11.94 1.234
14 19 17.33 1
15 16 20.325 1.25
15 17 13.99 1
15 19 6 1
16 17 16.46 1.26
16 18 9.891 1
16 19 2.816 1.286
17 18 6.58 1.207
17 19 1.7 1.237
18 19 4.1 1.2
