50
84.161
0 43 45.92 0.5
0 23 41.4 0
23 43 50 0.313
1 25 22.67 0.537
2 49 16.09 0
4 10 10.554 1
5 10 81.223 0.51
4 5 78.55 0.0
6 12 89 0.4
8 21 74.17 0
13 19 33 0.394
15 22 75.7 0
16 46 95.722 1.5
26 27 30.3 0.484
29 48 60 1
38 45 45 0.4
30 38 75.5 0.6
38 39 97 0.038
30 45 10.1 0
39 45 80 0.383
30 39 23.792 0.393
33 40 87.67 1.62
34 35 48 0
34 42 55.532 0.914
35 42 88.1 0.164
0 1 11 0.5
0 2 6.1 1
0 3 5.1 1.77
0 4 9.0 1.2
0 5 7.482 1.1
0 6 21.66 0.6
0 7 1.4 1.757
0 8 21.7 1.06
0 9 8.8 1
0 10 10 1.79
0 11 1 1.72
0 12 5.946 1.0
0 13 3.9 0.848
0 14 5.9 1.8
0 15 40.85 0.6
0 16 15.673 1.7
0 17 1 1.7
0 18 5.835 1
0 19 30 1
0 20 8 1.641
0 21 22 0.5
0 22 20.47 0.676
0 24 5.282 1.808
0 25 22.48 0
0 26 22.3 0
0 27 23.537 1.6
0 28 7.703 1
0 29 33.8 1.29
0 30 6.688 0
0 31 3 1.788
0 32 7 1.671
0 33 9.17 1.741
0 34 15 1.226
0 35 21.3 1
0 36 7.2 1
0 37 2 1.8
0 38 2.145 0.62
0 39 7.06 0.67
0 40 7.0 1
0 41 8.401 1.6
0 42 38.119 1.4
0 44 4.0 1.77
0 45 9.34 0
0 46 11.7 1.67
0 47 9.7 1.82
0 48 4.4 1.2
0 49 12.9 1
1 2 8 0
1 3 7.88 1
1 4 3.83 1.42
1 5 5.288 1
1 6 14.1 0.7
1 7 1.47 1.635
1 8 8 1.1
1 9 4 1.8
1 10 1.204 1.75
1 11 0 1.7
1 12 5.43 1.13
1 13 17 1.5
1 14 1 1
1 15 0.126 1.6
1 16 19.088 1
1 17 0 1.7
1 18 4.5 1.72
1 19 12.9 0.6
1 20 9.8 1.81
1 21 9.46 1
1 22 20.73 0.7
1 23 15 1.48
1 24 7 1
1 26 14.44 1.544
1 27 22.069 1.65
1 28 1.48 1
1 29 3.172 1.1
1 30 6 1.56
1 31 1 1
1 32 9.03 1.82
1 33 10.6 1.6
1 34 20.14 1.1
1 35 22.604 1.5
1 36 4.38 1.73
1 37 5.215 1.77
1 38 8.59 1.549
1 39 8.99 1.311
1 40 11.42 1.65
1 41 1.1 1
1 42 5 1.25
1 43 8.84 1
1 44 3.77 1.67
1 45 6.4 0.921
1 46 16.1 1.68
1 47 2.572 1.74
1 48 1.57 1.568
1 49 9.7 1.793
2 3 8.44 1.637
2 4 3.9 1.53
2 5 1.368 1.41
2 6 0.38 0.4
2 7 9.45 1.699
2 8 9 0.35
2 9 1 1
2 10 2.42 1.635
2 11 4.527 1
2 12 6 1
2 13 15.277 1.16
2 14 6.49 1.666
2 15 3.6 0.13
2 16 9.58 1.64
2 17 9 1.7
2 18 7.66 1.6
2 19 7.099 0.81
2 20 6.66 1.783
2 21 10 0.02
2 22 12.94 0.2
2 23 5.007 0.665
2 24 3 1.6
2 25 11.31 1.0
2 26 3.85 1.55
2 27 0 1.44
2 28 6.181 1.63
2 29 14.327 1.6
2 30 6.64 1.7
2 31 2.076 1.8
2 32 4.85 1.679
2 33 9.187 1.722
2 34 11.288 1.771
2 35 3 1.284
2 36 4.96 1.6
2 37 7.96 1.6
2 38 1 1.305
2 39 4.65 1.208
2 40 3.6 1
2 41 0 1.635
2 42 2.3 1.72
2 43 15.08 1.63
2 44 8.18 1.7
2 45 4.081 1
2 46 11.81 1.5
2 47 8 1.716
2 48 3 1
3 4 9 1.82
3 5 9.41 1.6
3 6 2.8 1
3 7 1.2 1
3 8 0.059 1.7
3 9 1 1.63
3 10 7 1.7
3 11 3.4 1
3 12 0.47 1.6
3 13 1.17 1.7
3 14 6 1
3 15 4.5 1.7
3 16 9.51 1.706
3 17 3 1.714
3 18 1.93 1
3 19 5.64 1.64
3 20 3.07 1.666
3 21 5 1
3 22 4.93 1.816
3 23 10.0 1
3 24 6.475 1.741
3 25 2.6 1
3 26 8 1
3 27 2.75 1.764
3 28 7.377 1.6
3 29 3.3 1
3 30 3.271 1.6
3 31 6.88 1.72
3 32 8.62 1.71
3 33 5.31 1.825
3 34 9.5 1.64
3 35 6 1.72
3 36 0.9 1.71
3 37 9 1.78
3 38 10.09 1.65
3 39 5.231 1.8
3 40 4.699 1
3 41 5.17 1
3 42 7.779 1.8
3 43 3.6 1.664
3 44 1.69 1
3 45 6.232 1.7
3 46 6.4 1
3 47 7 1.804
3 48 3.2 1.7
3 49 1.114 1.7
4 6 1.6 1.69
4 7 1.949 1.7
4 8 6.1 1.3
4 9 6 1.7
4 11 5.21 1
4 12 6.309 1.6
4 13 7.68 1
4 14 2.6 1.761
4 15 3.3 1.793
4 16 1 1.771
4 17 8.404 1.7
4 18 1.4 1.78
4 19 5.7 1.2
4 20 2 1.733
4 21 10.245 1.589
4 22 3 1.7
4 23 0.71 1.13
4 24 8.605 1.82
4 25 9.3 1.163
4 26 7.45 1.24
4 27 2.49 1.118
4 28 1.665 1.71
4 29 9.8 1.58
4 30 6.6 1.0
4 31 9 1
4 32 1.457 1.624
4 33 8.85 1.813
4 34 5 1
4 35 8.55 1.0
4 36 0.53 1.78
4 37 5.44 1.685
4 38 2.571 1
4 39 3 1.46
4 40 5.5 1.77
4 41 6.83 1
4 42 6.767 1.029
4 43 0 1.78
4 44 2.297 1.71
4 45 0.21 1.3
4 46 8.2 1.733
4 47 7.8 1.6
4 48 7 1
4 49 9 1.3
5 6 5 1.7
5 7 0.55 1
5 8 10.2 1.46
5 9 5.0 1.742
5 11 0.79 1.806
5 12 2.6 1.1
5 13 8 1.12
5 14 9 1.797
5 15 8.1 1.75
5 16 9.319 1.6
5 17 0 1
5 18 7.35 1.693
5 19 9 1.29
5 20 1.514 1.7
5 21 1.4 1
5 22 10.345 1
5 23 2.0 1.149
5 24 1 1.8
5 25 9.219 1
5 26 9.647 1.2
5 27 2.06 1.0
5 28 9.09 1.716
5 29 4.2 1
5 30 1.36 1.78
5 31 8.88 1
5 32 7.82 1
5 33 5 1
5 34 0.8 1
5 35 2 1
5 36 4.073 1.77
5 37 3.9 1
5 38 5.0 1.13
5 39 10.01 1
5 40 9.1 1.69
5 41 5.672 1.648
5 42 1.101 1
5 43 0 1.32
5 44 5.54 1.642
5 45 1 1
5 46 7.286 1.577
5 47 9 1.788
5 48 8.69 1.4
5 49 1.98 1.5
6 7 7.855 1.67
6 8 61.82 0.7
6 9 8.44 1
6 10 3.53 1.2
6 11 6.62 1.82
6 13 10.7 1.11
6 14 8.7 1.7
6 15 31.79 0
6 16 85.4 1.7
6 17 3.457 1
6 18 7 1.776
6 19 19.09 1
6 20 8 1
6 21 30.202 1.557
6 22 24 1.24
6 23 27.551 0.8
6 24 0.085 1.7
6 25 0 1.114
6 26 9.81 0.66
6 27 10.4 1.013
6 28 3 1
6 29 27.51 1.3
6 30 1.0 1.707
6 31 2.6 1.769
6 32 6.35 1.663
6 33 12.87 1.685
6 34 20 1
6 35 0 1.24
6 36 7.38 1
6 37 3.7 1.81
6 38 5 1.749
6 39 4 1.1
6 40 14.95 1
6 41 3.6 1.71
6 42 45.771 1
6 43 11.41 1.075
6 44 2.39 1.65
6 45 3.942 1.615
6 46 78 1.662
6 47 0.64 1
6 48 52.8 1
6 49 13 1.59
7 8 4 1
7 9 6.6 1.696
7 10 2 1
7 11 1 1.7
7 12 3.59 1
7 13 2 1
7 14 6.71 1.7
7 15 2.537 1
7 16 6.31 1.66
7 17 6.91 1
7 18 0 1.73
7 19 3 1.708
7 20 6.5 1
7 21 9 1.82
7 22 0 1
7 23 3.45 1.7
7 24 4.9 1.75
7 25 4.14 1
7 26 3.4 1.636
7 27 9.63 1.79
7 28 2.92 1
7 29 0.535 1
7 30 6.4 1.693
7 31 9.3 1
7 32 5.04 1.7
7 33 0 1.67
7 34 7.3 1
7 35 2.68 1
7 36 9.29 1.7
7 37 10.0 1.677
7 38 9.8 1.62
7 39 3.93 1.79
7 40 8 1
7 41 2.73 1.74
7 42 8.57 1
7 43 1.597 1.71
7 44 0 1.67
7 45 6.3 1.77
7 46 4.4 1
7 47 7.386 1.67
7 48 5.6 1
7 49 2 1
8 9 7.7 1.7
8 10 2 1.4
8 11 2.1 1.694
8 12 2 1.323
8 13 29.0 0.787
8 14 0 1.74
8 15 70.18 0.26
8 16 42.095 1.8
8 17 2 1.7
8 18 8.26 1
8 19 13.7 0.91
8 20 3.102 1.705
8 22 71 1.1
8 23 12.3 1.398
8 24 9.085 1.6
8 25 20 1.46
8 26 2.171 0.8
8 27 28.8 1.703
8 28 0.2 1.62
8 29 26.657 1.51
8 30 6.32 0.95
8 31 6.09 1.81
8 32 8 1.721
8 33 28.63 1.74
8 34 30.65 1.27
8 35 24.81 1.141
8 36 5.678 1
8 37 10.0 1.67
8 38 0.5 0.7
8 39 2.2 1
8 40 42 1.6
8 41 5.4 1.789
8 42 34.954 1.7
8 43 4.335 1.78
8 44 4.416 1.64
8 45 2 0.7
8 46 12.8 1.82
8 47 8 1.8
8 48 40.8 1.1
8 49 4.8 1
9 10 9.21 1.7
9 11 7 1.809
9 12 3 1.67
9 13 3 1.746
9 14 3.137 1.8
9 15 8.04 1.66
9 16 0.29 1.757
9 17 1.74 1.73
9 18 6.632 1.81
9 19 1.992 1
9 20 5 1.6
9 21 1.426 1.7
9 22 7 1.67
9 23 3.3 1.6
9 24 2.406 1.686
9 25 7.8 1
9 26 1 1.7
9 27 1.31 1
9 28 2.7 1
9 29 7.459 1.82
9 30 3 1
9 31 0.0 1.6
9 32 8 1.655
9 33 6.11 1
9 34 6.06 1
9 35 7 1.693
9 36 3.4 1
9 37 9.337 1
9 38 4 1.63
9 39 5.5 1
9 40 8.58 1
9 41 7.129 1.6
9 42 7.63 1.7
9 43 9.926 1.757
9 44 3.56 1.67
9 45 9.542 1.745
9 46 5.5 1.78
9 47 5.705 1.656
9 48 9.0 1.62
9 49 7.07 1
10 11 3.567 1
10 12 0 1.4
10 13 1.147 1.1
10 14 4.0 1
10 15 5.77 1.121
10 16 0 1.6
10 17 4.2 1.814
10 18 6 1
10 19 7.4 1.44
10 20 5.694 1.75
10 21 6 1.7
10 22 4.2 1.7
10 23 7.54 1.6
10 24 9 1
10 25 1.172 1
10 26 1.363 1.294
10 27 1.1 1
10 28 4.61 1.75
10 29 10.467 1
10 30 10.038 1.3
10 31 2.6 1.77
10 32 5 1
10 33 6.661 1.71
10 34 0 1.4
10 35 2.518 1
10 36 0.221 1.78
10 37 4.033 1.7
10 38 7.4 1
10 39 2 1.0
10 40 4 1
10 41 0.21 1.68
10 42 6.26 1.5
10 43 6.67 1.0
10 44 0.246 1
10 45 9 1.59
10 46 0.64 1.8
10 47 3.89 1.7
10 48 9 1
10 49 6.72 1.5
11 12 9.182 1.693
11 13 3 1.7
11 14 1.067 1.7
11 15 4 1
11 16 1.497 1.7
11 17 7.9 1
11 18 8.6 1
11 19 7.33 1
11 20 1.5 1.64
11 21 6 1.8
11 22 5.4 1
11 23 6 1.676
11 24 8.7 1.82
11 25 9.5 1.8
11 26 0.6 1.7
11 27 6 1.7
11 28 9.1 1.7
11 29 3.8 1.7
11 30 7 1.6
11 31 7.79 1.8
11 32 2.4 1.68
11 33 3.264 1
11 34 7 1.75
11 35 4.91 1.7
11 36 1 1.77
11 37 4.2 1
11 38 5.8 1.7
11 39 3.53 1.635
11 40 6.1 1.65
11 41 5.271 1.6
11 42 0 1.8
11 43 1.858 1.67
11 44 8.562 1.76
11 45 2 1
11 46 4.7 1
11 47 0.832 1.73
11 48 6.91 1
11 49 7.2 1.827
12 13 22.1 1
12 14 6 1.66
12 15 61.26 1.5
12 16 85 1
12 17 5 1.7
12 18 10.043 1.721
12 19 4.69 1
12 20 4.6 1.68
12 21 44.66 1.616
12 22 25.05 0.4
12 23 2.964 1
12 24 4 1.8
12 25 11 1.446
12 26 1.44 0.976
12 27 15.925 1.328
12 28 0.4 1.765
12 29 46.49 1.422
12 30 4 0
12 31 9.62 1.681
12 32 0.5 1
12 33 9.68 1.79
12 34 17.21 1.79
12 35 9.5 1.72
12 36 5.1 1.755
12 37 2.8 1.823
12 38 7.9 1.493
12 39 6.487 0
12 40 24.433 1.636
12 41 3.9 1
12 42 1.24 1.8
12 43 37.738 1.4
12 44 3 1.6
12 45 2 1.2
12 46 56.38 1.589
12 47 4.0 1.769
12 48 18.4 1
12 49 6.047 0.86
13 14 9.9 1.67
13 15 0.7 0
13 16 10 1.7
13 17 1 1.6
13 18 9 1.758
13 20 0.192 1.813
13 21 5.686 0.628
13 22 14 0.736
13 23 7.0 1
13 24 5 1.77
13 25 5 1
13 26 0.044 1.406
13 27 26.1 1.692
13 28 6.91 1
13 29 20.296 1.39
13 30 8.61 1.266
13 31 4.751 1
13 32 6 1.712
13 33 4 1.731
13 34 7.5 1.4
13 35 23.5 1
13 36 9 1
13 37 3.4 1.69
13 38 6 0
13 39 5.21 1
13 40 20.62 1
13 41 8.4 1
13 42 11.676 1.24
13 43 11.3 1.41
13 44 3.218 1
13 45 8.9 1.28
13 46 19.0 1.7
13 47 0.27 1.75
13 48 26.8 1
13 49 5.4 1.3
14 15 3.3 1.7
14 16 3 1
14 17 4.63 1
14 18 1.0 1.82
14 19 8 1.668
14 20 0.74 1.82
14 21 5.168 1.803
14 22 9.7 1.6
14 23 0 1.817
14 24 8.646 1.74
14 25 3.97 1.77
14 26 0.9 1.781
14 27 9.1 1.8
14 28 0.1 1.728
14 29 7.0 1.7
14 30 4.909 1.686
14 31 9.5 1
14 32 8 1
14 33 9 1.798
14 34 6.3 1
14 35 6.78 1.8
14 36 2.2 1.8
14 37 3.385 1
14 38 9 1.724
14 39 7.197 1
14 40 8 1.6
14 41 6.269 1.7
14 42 4 1
14 43 3.9 1
14 44 7.1 1
14 45 8.592 1.64
14 46 2.0 1.8
14 47 9 1
14 48 2.77 1.6
14 49 1 1.763
15 16 72.46 1.63
15 17 8.221 1.7
15 18 5 1.7
15 19 29.4 0.5
15 20 5.7 1.813
15 21 50.7 0.426
15 23 8.72 0.7
15 24 7 1.667
15 25 18.61 0.99
15 26 8 0.7
15 27 4.3 0
15 28 6.102 1
15 29 17.4 1.8
15 30 8.25 1.8
15 31 10.0 1.76
15 32 4.95 1.6
15 33 34.5 1.638
15 34 37.304 1.58
15 35 19.602 1.46
15 36 4 1.78
15 37 7.562 1.6
15 38 3.85 1
15 39 6.78 1.3
15 40 38.3 1.659
15 41 7.568 1.78
15 42 37.8 1
15 43 41 1
15 44 5.7 1.689
15 45 4.04 1
15 46 66.42 1.63
15 47 4.8 1.81
15 48 50 1
15 49 1.66 1.566
16 17 3.79 1.8
16 18 9.5 1.8
16 19 1.113 1
16 20 7.3 1.65
16 21 68.953 1.52
16 22 7.52 1
16 23 18.0 1.7
16 24 5 1
16 25 15 1.72
16 26 27 1.6
16 27 20.0 1.5
16 28 6.83 1.674
16 29 47.6 1.759
16 30 0.08 1.7
16 31 7.64 1.7
16 32 1.79 1
16 33 83 1.78
16 34 44.042 1
16 35 4.8 1.6
16 36 6.9 1.8
16 37 7.6 1.676
16 38 6.65 1.6
16 39 5.155 1.6
16 40 37.06 1.698
16 41 5.94 1.6
16 42 23.73 1.5
16 43 20 1.7
16 44 5.78 1
16 45 7 1
16 47 8.9 1.7
16 48 27.1 1.797
16 49 10.65 1.609
17 18 3.38 1
17 19 4.46 1
17 20 2.66 1.784
17 21 0.09 1.77
17 22 6.008 1.7
17 23 8.5 1
17 24 2.922 1.8
17 25 2 1.7
17 26 4.5 1
17 27 8.262 1.775
17 28 8 1.6
17 29 5.2 1
17 30 3.458 1
17 31 0 1.6
17 32 4.783 1
17 33 6 1.81
17 34 3 1.7
17 35 1.1 1.78
17 36 3.13 1
17 37 5 1.74
17 38 3 1.7
17 39 4.1 1.8
17 40 3.8 1.646
17 41 2.2 1.815
17 42 1.6 1.817
17 43 3.8 1
17 44 0.197 1
17 45 1.361 1.754
17 46 9 1.815
17 47 7.13 1.76
17 48 2.81 1.68
17 49 2.26 1
18 19 5.0 1.7
18 20 6.8 1.796
18 21 5.9 1.7
18 22 4.22 1
18 23 7.7 1.716
18 24 2 1.6
18 25 6 1.769
18 26 9 1.78
18 27 8.4 1.78
18 28 6.79 1.8
18 29 7.8 1.76
18 30 8.188 1.745
18 31 5.42 1.75
18 32 3.0 1.7
18 33 7.9 1
18 34 5 1.681
18 35 7 1.705
18 36 9.18 1.7
18 37 6.08 1.67
18 38 1 1
18 39 5.441 1
18 40 4.169 1.7
18 41 6.8 1.76
18 42 1.28 1.82
18 43 8.5 1.817
18 44 2.81 1.8
18 45 3.5 1.802
18 46 2 1.7
18 47 8.4 1
18 48 6.112 1.6
18 49 8.964 1.7
19 20 4.6 1.7
19 21 28 1.085
19 22 16.9 1.8
19 23 2.94 1.33
19 24 5.3 1
19 25 13.054 0.606
19 26 8.2 1.6
19 27 2.0 1.7
19 28 3 1
19 29 8.1 1.426
19 30 2.766 1.234
19 31 2 1
19 32 4.2 1.8
19 33 5.69 1.672
19 34 9.0 1.603
19 35 8.7 1.0
19 36 1.12 1.79
19 37 7.3 1.663
19 38 0.7 1.22
19 39 0.2 1.595
19 40 24.4 1.704
19 41 2.3 1.705
19 42 25.8 1
19 43 15 1.03
19 44 0.0 1
19 45 5.164 1
19 46 29.0 1
19 47 0.215 1.65
19 48 2.1 1.1
19 49 4.971 1.317
20 21 5.8 1.771
20 22 0.229 1.748
20 23 0.8 1.628
20 24 3.98 1.693
20 25 7.26 1
20 26 3 1.725
20 27 8 1.65
20 28 1.496 1.67
20 29 6.776 1.808
20 30 3.214 1.806
20 31 0.81 1.78
20 32 3.2 1.69
20 33 8.011 1.7
20 34 8.1 1.673
20 35 1.1 1
20 36 8.93 1.73
20 37 4 1
20 38 7.4 1.78
20 39 3 1.631
20 40 5.47 1.69
20 41 1.897 1.689
20 42 0.7 1
20 43 9.46 1.809
20 44 9.75 1.694
20 45 1.29 1.706
20 46 7 1.6
20 47 0.27 1
20 48 8.57 1
20 49 4.9 1
21 22 30.9 1
21 23 34 0
21 24 8.3 1.66
21 25 18.3 0.7
21 26 2.5 0.69
21 27 10.36 1.128
21 28 8.54 1.7
21 29 47 1.46
21 30 0 1.423
21 31 1.648 1.6
21 32 5.791 1.62
21 33 59.004 1.806
21 34 29.199 1.498
21 35 7.27 0.965
21 36 8 1.6
21 37 2.8 1.7
21 38 4.825 0.7
21 39 8 1.4
21 40 20.221 1.701
21 41 2 1.6
21 42 43.518 1.6
21 43 6.1 0.8
21 44 7.332 1
21 45 5.39 0.7
21 46 59 1
21 47 5.93 1
21 48 31.67 1.1
21 49 10 1
22 23 18.4 1.638
22 24 6 1.7
22 25 8.1 1
22 26 23.449 1.678
22 27 18 1.198
22 28 5 1.7
22 29 5.511 1
22 30 6 1.398
22 31 7.38 1.8
22 32 0.8 1.63
22 33 31.98 1.8
22 34 46 1.114
22 35 8.53 1.053
22 36 8.66 1.8
22 37 2.215 1.74
22 38 9 1.0
22 39 5.6 1.057
22 40 37.04 1.6
22 41 5.5 1.819
22 42 37 1.6
22 43 37.42 1
22 44 9.98 1.7
22 45 2.29 0.9
22 46 38.95 1.8
22 47 6.963 1
22 48 36.9 1.66
22 49 9.49 0.349
23 24 6.9 1.689
23 25 16.9 1
23 26 1 1.63
23 27 9 1
23 28 3.99 1.7
23 29 40 1.31
23 30 2 0.9
23 31 0.29 1
23 32 4.6 1.63
23 33 34.68 1
23 34 18.72 1.15
23 35 26.074 1.76
23 36 0.08 1.679
23 37 4.18 1.73
23 38 7.572 0.67
23 39 3.9 1.19
23 40 25.561 1.699
23 41 3 1.77
23 42 7 1
23 44 4 1.807
23 45 8.12 0.65
23 46 32.9 1.7
23 47 8.9 1.7
23 48 36 1.5
23 49 11 1.42
24 25 5.849 1.62
24 26 0.834 1.727
24 27 5 1.78
24 28 2 1.726
24 29 5.83 1.666
24 30 4.6 1.6
24 31 3.29 1
24 32 9.817 1
24 33 5 1.709
24 34 4 1.658
24 35 5 1
24 36 8.58 1.75
24 37 1.9 1
24 38 9.7 1.648
24 39 8.89 1.657
24 40 8.936 1.81
24 41 8.84 1
24 42 4.355 1.8
24 43 5 1.76
24 44 3.0 1.7
24 45 9.1 1.7
24 46 8.4 1
24 47 2.5 1
24 48 5.7 1.78
24 49 9.82 1.6
25 26 10.06 1
25 27 8.68 0.6
25 28 0.7 1.69
25 29 19 1
25 30 5.268 1.07
25 31 8.2 1
25 32 4.8 1.69
25 33 14.226 1.673
25 34 18 1
25 35 17.057 1.69
25 36 6 1.81
25 37 7.869 1.73
25 38 8.485 0.9
25 39 5.63 1.5
25 40 21 1.78
25 41 2.995 1.7
25 42 15.69 1.4
25 43 7.983 1.66
25 44 2 1.6
25 45 8.4 0
25 46 22 1.72
25 47 10 1.815
25 48 0.59 1.76
25 49 11 1.17
26 28 4.1 1
26 29 28.866 1.1
26 30 6 1.434
26 31 1 1
26 32 4.25 1.75
26 33 17.24 1.811
26 34 22.21 1.4
26 35 13 1.2
26 36 2.108 1.6
26 37 3.744 1.7
26 38 9.0 0.92
26 39 6.432 0
26 40 19.7 1.6
26 41 6 1.79
26 42 3 1
26 43 12.057 1.59
26 44 3 1.76
26 45 1.33 1.7
26 46 27.07 1.7
26 47 6 1.8
26 48 27 1.03
26 49 0.807 1
27 28 5.82 1
27 29 6 1.52
27 30 3.813 1.45
27 31 2.21 1
27 32 3.505 1
27 33 17.3 1
27 34 16.61 1.4
27 35 2.852 1.28
27 36 1.001 1.8
27 37 4.34 1.635
27 38 3.8 0.98
27 39 7.2 1.31
27 40 18.323 1.7
27 41 0.9 1
27 42 14 1.602
27 43 7.37 0
27 44 0.34 1.77
27 45 9.7 1.42
27 46 25.976 1.62
27 47 4.9 1.638
27 48 17.812 1
27 49 7.6 1.2
28 29 4.58 1.76
28 30 9 1
28 31 1.4 1.742
28 32 4.3 1.65
28 33 5.767 1.7
28 34 9 1.79
28 35 7 1
28 36 5.9 1.64
28 37 6.89 1
28 38 5.76 1.66
28 39 5.0 1
28 40 7.59 1
28 41 2 1
28 42 1.1 1.65
28 43 6.433 1.77
28 44 8.86 1.7
28 45 5.7 1
28 46 6 1
28 47 3.778 1.697
28 48 7 1.621
28 49 3.33 1.627
29 30 8.167 1
29 31 6 1.6
29 32 6.6 1.763
29 33 18.9 1.8
29 34 6.4 1
29 35 47 1.776
29 36 1.3 1.7
29 37 3.401 1.7
29 38 7.98 1.203
29 39 6.2 1.7
29 40 36.82 1.8
29 41 6.4 1.64
29 42 15.8 1.0
29 43 9.6 1.27
29 44 2 1.764
29 45 6 1.34
29 46 51.4 1
29 47 0 1
29 49 5.9 1.0
30 31 3.8 1.782
30 32 6.4 1.658
30 33 6 1.6
30 34 6.93 1.11
30 35 3 1.1
30 36 2.75 1.7
30 37 1.96 1.7
30 40 7.16 1
30 41 9.0 1.79
30 42 3.603 1.305
30 43 9 0
30 44 5.0 1
30 46 0.43 1.81
30 47 1 1.63
30 48 6.41 1
30 49 5.943 0.6
31 32 8.0 1.63
31 33 4 1.6
31 34 5.35 1.75
31 35 8.0 1.73
31 36 3 1.62
31 37 7.69 1.7
31 38 0.8 1.636
31 39 1.266 1.6
31 40 6 1
31 41 5.4 1.8
31 42 7.022 1.64
31 43 2.2 1
31 44 3.42 1.79
31 45 5.7 1
31 46 1.05 1.7
31 47 9.0 1.7
31 48 9.9 1
31 49 8 1.682
32 33 9.5 1.73
32 34 1 1.7
32 35 3 1.6
32 36 6 1.72
32 37 1.5 1.71
32 38 6.983 1
32 39 7.14 1.77
32 40 5.3 1.78
32 41 7.14 1
32 42 3.25 1.624
32 43 5.814 1.8
32 44 1.14 1.7
32 45 8 1
32 46 5.69 1
32 47 5 1.827
32 48 6 1.7
32 49 0 1.6
33 34 17.605 1.7
33 35 46.24 1.797
33 36 7.8 1.8
33 37 8.861 1.76
33 38 10.0 1
33 39 0 1.636
33 41 7.4 1.65
33 42 0 1.74
33 43 14.59 1.651
33 44 4.225 1.7
33 45 5.687 1.68
33 46 54 1.81
33 47 2.2 1.78
33 48 50.585 1.787
33 49 9 1.77
34 36 5.189 1.811
34 37 5.501 1.8
34 38 3.7 0.97
34 39 4 1.071
34 40 2.7 1.65
34 41 4.2 1.656
34 43 31.28 1.56
34 44 0 1.721
34 45 2.036 1.7
34 46 35.449 1.72
34 47 2 1.811
34 48 28.19 1
34 49 11.626 1.42
35 36 5 1.63
35 37 4 1
35 38 3.831 1.27
35 39 9.0 1
35 40 47.48 1.7
35 41 10.048 1.711
35 43 13.9 1.78
35 44 6.347 1.8
35 45 7.706 1.372
35 46 44 1.723
35 47 5.0 1.7
35 48 33.47 1.516
35 49 4 1.7
36 37 4.36 1.7
36 38 0.35 1.641
36 39 0.501 1.703
36 40 3.317 1.798
36 41 9.091 1.7
36 42 3.379 1
36 43 9.7 1.6
36 44 8.657 1.8
36 45 4.94 1.6
36 46 2.2 1.7
36 47 7.808 1
36 48 5.198 1.718
36 49 4.6 1.71
37 38 9 1
37 39 3 1.7
37 40 5.04 1.7
37 41 6.11 1.686
37 42 10.017 1
37 43 0.999 1
37 44 5.777 1.6
37 45 5.44 1
37 46 2 1.669
37 47 4.821 1
37 48 5.24 1.82
37 49 3.25 1.7
38 40 2 1
38 41 5.75 1
38 42 1.859 1.48
38 43 8.3 0.8
38 44 7.06 1
38 46 8.43 1.693
38 47 7.17 1.7
38 48 2.96 1.704
38 49 1.0 1.66
39 40 4.386 1.7
39 41 8 1.776
39 42 1 0.946
39 43 0.48 1.245
39 44 1.06 1.826
39 46 4.9 1
39 47 7 1.8
39 48 5 1.5
39 49 0.146 1.6
40 41 2.1 1.7
40 42 17.5 1.634
40 43 25.9 1
40 44 1.0 1.65
40 45 4.38 1.78
40 46 64 1.662
40 47 9 1.687
40 48 0 1.787
40 49 10.958 1
41 42 1.8 1.6
41 43 1.217 1.8
41 44 0.9 1.69
41 45 8 1
41 46 5.8 1.75
41 47 8.4 1
41 48 8.64 1.757
41 49 8.878 1.688
42 43 14.3 1.07
42 44 5.53 1
42 45 1.365 1.25
42 46 2.349 1.5
42 47 4.514 1.801
42 48 22.56 1.57
42 49 12.067 1
43 44 7.952 1.62
43 45 1.795 1.7
43 46 34.7 1.784
43 47 3.9 1
43 48 18.4 1.69
43 49 0.3 0.99
44 45 9.432 1.6
44 46 4.051 1.807
44 47 2.55 1
44 48 1.0 1
44 49 6 1
45 46 10.01 1.5
45 47 4.55 1
45 48 0.96 1.2
45 49 9 1.17
46 47 8 1.74
46 48 7.093 1
46 49 13.5 1.7
47 48 9.608 1.7
47 49 10.058 1.6
48 49 2.8 1
