10
16.9
0 1 50.7 1.3
0 8 65 1
1 8 94 0
4 9 85.9 0
5 9 92.27 1
4 5 74.673 1
0 2 2.978 1
0 3 28.7 2.13
0 4 9 1
0 5 16.324 1.4
0 6 28.6 1.8
0 7 15.4 1.6
0 9 15.92 2
1 2 14.18 1.53
1 3 31.727 1.87
1 4 5.5 1
1 5 17.964 2.39
1 6 1 1.601
1 7 45.9 1
1 9 38.9 2.41
2 3 24.372 2.07
2 4 22.655 1
2 5 27.52 2
2 6 28.16 1.5
2 7 34.435 2.27
2 8 23 2.38
2 9 43.311 1.84
3 4 34.302 1.804
3 5 46.93 1
3 6 23 1.8
3 7 41.8 2
3 8 26.13 1.322
3 9 17.2 1.5
4 6 8 2
4 7 19 1
4 8 30 2
5 6 36 1
5 7 3 2.4
5 8 27.17 1
6 7 45.6 2
6 8 39.84 1
6 9 30.88 1.3
7 8 16.03 2.03
7 9 47 2.021
8 9 1.64 1.82
