20
12.025
1 5 41.951 0.6
1 8 26.7 0
1 15 37.26 0.006
1 16 60.2 0
5 8 62.1 0.013
5 15 94 0.0
5 16 27.62 0.01
8 15 91.707 0.002
8 16 72 0.0
15 16 41.01 0.001
2 6 95 0.49
3 19 54.837 0
4 12 73.28 0.2
7 13 56.5 0.56
0 1 13 0.6
0 2 5.26 0
0 3 24.597 0.623
0 4 2.03 0.6
0 5 7.91 0.626
0 6 6.249 0.607
0 7 13.405 0.6
0 8 11.0 0.6
0 9 2.927 0.627
0 10 12.236 0
0 11 8.04 0.614
0 12 4.27 0
0 13 3.685 0
0 14 3.409 0
0 15 15.08 0.6
0 16 17.956 0.6
0 17 0.206 0
0 18 2.65 0
0 19 15 0
1 2 1.9 0.6
1 3 0.8 0
1 4 6 0.6
1 6 21 0.6
1 7 12.6 0.61
1 9 1 0.6
1 10 9.43 0
1 11 10 0
1 12 12.8 0.6
1 13 11 0
1 14 14.2 0
1 17 23.0 0
1 18 20.86 0.6
1 19 25 0.6
2 3 53.25 0
2 4 34.2 0.57
2 5 19 0.608
2 7 3.951 0
2 8 21 0
2 9 5.5 0.625
2 10 18 0.615
2 11 23.63 0.6
2 12 36.6 0.584
2 13 21.48 0.57
2 14 17 0.631
2 15 18.6 0.6
2 16 22 0
2 17 19 0.607
2 18 12 0.6
2 19 32.6 0.523
3 4 13 0
3 5 10.0 0
3 6 32 0.514
3 7 19.85 0.6
3 8 18.335 0.629
3 9 8.47 0.62
3 10 10 0
3 11 5 0.61
3 12 28.091 0.52
3 13 49.28 0.57
3 14 20 0
3 15 25.3 0.629
3 16 16.36 0.6
3 17 11.4 0.6
3 18 5.558 0.62
4 5 7.4 0.6
4 6 63.28 0.554
4 7 23.67 0.56
4 8 5.807 0.61
4 9 23.12 0.6
4 10 16 0.606
4 11 4.57 0.6
4 13 34 0
4 14 15.24 0
4 15 10.53 0.62
4 16 7.541 0.62
4 17 18 0
4 18 2.993 0.61
4 19 50 0.5
5 6 1.781 0.61
5 7 9.6 0.61
5 9 17 0.61
5 10 19.826 0
5 11 23.14 0.6
5 12 14.365 0
5 13 18 0.62
5 14 9 0.615
5 17 21 0.627
5 18 7 0.601
5 19 5.5 0.6
6 7 32.2 0.5
6 8 4.83 0.627
6 9 22 0
6 10 19.481 0.626
6 11 14.477 0.61
6 12 3.8 0.6
6 13 28.0 0.591
6 14 7.35 0.6
6 15 7.06 0.61
6 16 6.81 0.6
6 17 23 0.626
6 18 26.686 0.6
6 19 12 0
7 8 20 0.605
7 9 22.099 0.61
7 10 3.494 0.6
7 11 19.28 0.624
7 12 9.69 0.6
7 14 16.3 0.61
7 15 25 0.6
7 16 23 0.616
7 17 14.0 0.623
7 18 11.0 0.6
7 19 23.813 0
8 9 26 0
8 10 10.574 0.604
8 11 24.46 0.6
8 12 6 0.62
8 13 10.517 0.6
8 14 23 0.612
8 17 20 0.6
8 18 22.2 0.62
8 19 7.04 0
9 10 20.8 0
9 11 17 0.628
9 12 14 0.6
9 13 17.4 0.6
9 14 19 0.6
9 15 6.414 0.6
9 16 23.308 0.61
9 17 18.18 0.614
9 18 22.28 0.62
9 19 3.511 0.6
10 11 0 0.6
10 12 21.4 0.6
10 13 5 0
10 14 2.7 0.62
10 15 0.419 0
10 16 0.11 0.62
10 17 25.5 0.6
10 18 11.02 0
10 19 7.33 0.601
11 12 2.485 0.602
11 13 12.65 0.6
11 14 19.7 0.6
11 15 25.303 0.6
11 16 11 0.61
11 17 4.5 0.6
11 18 6.2 0
11 19 18 0
12 13 36.29 0.62
12 14 16.866 0
12 15 14.0 0
12 16 26.56 0
12 17 9.5 0.6
12 18 23.6 0.6
12 19 46.6 0.37
13 14 4.538 0.617
13 15 8.28 0
13 16 24 0.6
13 17 2.13 0.6
13 18 15.357 0.62
13 19 1.9 0.6
14 15 1.2 0
14 16 6.9 0.6
14 17 18.45 0.627
14 18 12.187 0.605
14 19 7.964 0.623
15 17 5 0
15 18 9.387 0
15 19 7.05 0.6
16 17 16 0.617
16 18 14 0.6
16 19 17.031 0.6
17 18 17.1 0.617
17 19 25.89 0.606
18 19 6.5 0
