50
20.17
0 3 35.511 1
0 35 36.3 0.402
0 5 85.06 0
0 42 54.58 0.155
0 44 62.53 0.087
0 19 93.097 0.0
3 35 65.71 0.0
3 5 50.51 0.0
3 42 70.6 0.02
3 44 23.5 0.01
3 19 98.19 0.001
5 35 77.053 0
35 42 60.06 0.001
35 44 66 0.0
19 35 89.86 0
5 42 83.04 0.0
5 44 80.24 0.004
5 19 23 0.0
42 44 56.727 0.0
19 42 77 0.0
19 44 25 0.0
1 48 50.67 1.48
34 48 94.34 0.097
30 48 22.0 0.048
1 34 15.3 0
1 30 75 0.03
30 34 51.9 0.0
2 39 13 1
2 7 26.8 0.092
7 39 43.7 0.31
4 13 16.492 1.614
4 36 35.645 0.0
4 47 79.14 0.057
13 36 76.73 0
13 47 71 0
36 47 67.442 0.004
6 9 51.353 1.1
6 45 25 0.3
6 15 42 0.15
6 17 38.8 0
6 18 67.99 0.1
6 21 74.76 0.02
6 27 96.48 0.0
9 45 89.431 0.0
9 15 81.513 0.0
9 17 94.5 0.0
9 18 22.8 0.0
9 21 39.879 0
9 27 75.8 0
15 45 22 0.0
17 45 85.103 0.0
18 45 88.51 0.0
21 45 84.9 0.0
27 45 34 0.0
15 17 20 0.0
15 18 68.2 0.009
15 21 92.2 0
15 27 92.02 0.0
17 18 32.0 0.0
17 21 62.44 0
17 27 28.6 0
18 21 75 0
18 27 42.8 0.0
21 27 58.53 0.0
8 16 34 1.4
8 24 73.551 0.24
8 25 14.317 0.0
8 31 63.05 0.0
16 24 30.998 0.028
16 25 66 0
16 31 57 0.0
24 25 66.901 0.0
24 31 43.423 0
25 31 87.53 0.0
33 37 97.46 1.145
33 41 83.37 0
10 33 56 0
33 43 14.1 0.34
37 41 91.6 0
10 37 11.818 0.05
37 43 22.896 0.0
10 41 32.862 0.1
41 43 75.86 0.015
10 43 18.33 0.0
11 20 46 0.08
11 22 66 0.056
11 23 43 0
20 22 48 1
20 23 49.68 0.313
22 23 22 0.05
26 49 66.781 1
12 49 90.499 0
12 26 56.4 0.42
32 40 11.42 0.75
32 46 89.57 0.264
14 32 20.885 0.64
28 32 41.63 0
40 46 86.33 0.0
14 40 28.525 0
28 40 99.2 0.0
14 46 25.63 0.01
28 46 83 0
14 28 76.973 0
0 1 11.0 1.64
0 2 0.85 1.491
0 4 13.59 1
0 6 10.0 1.2
0 7 10.6 1
0 8 6 1.5
0 9 8.51 1.5
0 10 7 1.6
0 11 5.087 1.579
0 12 10.8 1.52
0 13 13.3 1.6
0 14 1.95 1.46
0 15 10.089 1
0 16 2.8 1.575
0 17 18 1.674
0 18 15.4 1
0 20 20 1
0 21 3 1
0 22 15.1 1
0 23 12.2 1.66
0 24 6.34 1
0 25 14.1 1.6
0 26 13.81 1.4
0 27 0.16 1.56
0 28 8.503 1.29
0 29 11.3 1
0 30 11.4 1
0 31 14 1
0 32 2.4 1.639
0 33 4.567 1.5
0 34 12.59 1
0 36 10.7 1.6
0 37 0 1
0 38 10.04 1.628
0 39 9.613 1.46
0 40 7.592 1.5
0 41 8.85 1.55
0 43 0.9 1.231
0 45 1 1
0 46 0.707 1.15
0 47 15.629 1
0 48 5.39 1.6
0 49 12.399 1.31
1 2 9.33 1.491
1 3 13 1.6
1 4 7.482 1.6
1 5 14 1.51
1 6 12.88 1
1 7 2.077 1
1 8 2 1.5
1 9 1.186 1.6
1 10 7.8 1.628
1 11 2 1
1 12 9 1.5
1 13 6.698 1.6
1 14 2.3 1.6
1 15 10 1
1 16 2.95 1.5
1 17 0 1.6
1 18 14.12 1.55
1 19 3.76 1.67
1 20 11.8 1.6
1 21 15.0 1.5
1 22 14.128 1.68
1 23 11.05 1.4
1 24 4.533 1
1 25 8.1 1.58
1 26 12.54 1.503
1 27 7.2 1
1 28 4.3 1
1 29 9.3 1.67
1 31 10.01 1.4
1 32 5.1 1.6
1 33 4.5 1.579
1 35 11.9 1.6
1 36 3.0 1.6
1 37 5.185 1.499
1 38 5.3 1.63
1 39 12.8 1.628
1 40 6.45 1.5
1 41 9.13 1
1 42 11.77 1.4
1 43 10.79 1.564
1 44 4 1.61
1 45 9.2 1
1 46 8.079 1.6
1 47 13 1.65
1 49 8.37 1.564
2 3 5 1.086
2 4 6.8 1.634
2 5 11.57 1.2
2 6 12.69 1.65
2 8 7.6 1
2 9 0.4 1.42
2 10 11.59 1
2 11 9.7 1.574
2 12 8 1.62
2 13 2.57 1.6
2 14 5 1.47
2 15 10 1.3
2 16 3 1
2 17 5 1.4
2 18 1.6 1.123
2 19 6.06 1.34
2 20 2 1.2
2 21 4.2 1.667
2 22 8.464 1.307
2 23 7.9 1
2 24 7 1.5
2 25 0.969 1.48
2 26 10 1
2 27 12.9 1.5
2 28 10.004 1.207
2 29 4.0 1
2 30 0.13 1.498
2 31 5 1.4
2 32 2 1.535
2 33 3.3 1.62
2 34 10.88 1.6
2 35 1.5 1.48
2 36 0.79 1.65
2 37 8 1.557
2 38 2.821 1.6
2 40 9.621 1.1
2 41 7.778 1
2 42 5.02 1
2 43 8.73 1.41
2 44 10.332 1
2 45 3.863 1.311
2 46 6 1.3
2 47 8 1
2 48 12.33 1.67
2 49 2.9 1.096
3 4 6.204 1.63
3 6 18.6 1.41
3 7 0.581 1.49
3 8 7.1 1.5
3 9 3.118 1
3 10 10.8 1.46
3 11 17 1.487
3 12 7.96 1.23
3 13 14 1.67
3 14 9 1.62
3 15 1.493 1.3
3 16 2.835 1.44
3 17 10.375 1.3
3 18 15.885 1
3 20 6.75 1
3 21 2 1.315
3 22 14.49 1.1
3 23 21.8 1
3 24 4.28 1.484
3 25 12.8 1.5
3 26 8.26 1.22
3 27 10.3 1.644
3 28 7.9 1.07
3 29 5.868 1.6
3 30 1.35 1.6
3 31 13.5 1.595
3 32 8 1.29
3 33 6.615 1.53
3 34 8 1.64
3 36 15.3 1.6
3 37 6.665 1.27
3 38 9.353 1.63
3 39 6.58 1
3 40 9.2 1
3 41 2.4 1
3 43 2.03 1.454
3 45 4.53 1.369
3 46 9.984 1.0
3 47 7.627 1.6
3 48 3.481 1
3 49 22.96 1.1
4 5 2.3 1.673
4 6 3 1
4 7 9.64 1.62
4 8 13.6 1
4 9 2 1.6
4 10 1.0 1.633
4 11 8.3 1.657
4 12 11.3 1.6
4 14 5.022 1.64
4 15 12 1
4 16 6.314 1
4 17 5.182 1.6
4 18 12 1.6
4 19 7 1.64
4 20 0 1
4 21 0.06 1.632
4 22 3.13 1.678
4 23 9.46 1.629
4 24 3.7 1.6
4 25 12.907 1
4 26 4.23 1.662
4 27 8.8 1.6
4 28 8.246 1.624
4 29 1.57 1
4 30 12 1.6
4 31 1.76 1
4 32 6 1.6
4 33 9.5 1.661
4 34 13.472 1.65
4 35 1 1.6
4 37 9 1.641
4 38 6.7 1.6
4 39 10.0 1.672
4 40 4.5 1.629
4 41 2.806 1.6
4 42 0.86 1.6
4 43 9 1.6
4 44 3 1.6
4 45 1.0 1
4 46 5.161 1.63
4 48 10.39 1.6
4 49 2 1.63
5 6 8.7 1.29
5 7 1.022 1
5 8 7.38 1.5
5 9 9.0 1.268
5 10 10.7 1.41
5 11 8.877 1.505
5 12 21.05 1
5 13 7.2 1.62
5 14 5.8 1.31
5 15 11.805 1.67
5 16 11 1.6
5 17 7.492 1.104
5 18 13.431 1.299
5 20 12.707 1
5 21 16.44 1.649
5 22 4.307 1.671
5 23 10.5 1.088
5 24 8.0 1
5 25 2.95 1.4
5 26 0 1.109
5 27 4.867 1.365
5 28 11.1 1
5 29 2 1.65
5 30 13.969 1.49
5 31 0 1.58
5 32 5 1.576
5 33 0 1.572
5 34 11.8 1
5 36 10.86 1
5 37 1 1.4
5 38 4.76 1
5 39 7 1.5
5 40 2.09 1.61
5 41 9 1
5 43 8 1
5 45 15.364 1.152
5 46 4.23 1.35
5 47 1.133 1.641
5 48 6.984 1.49
5 49 3 1
6 7 3 1.6
6 8 0.636 1.56
6 10 9.7 1
6 11 13.103 1.6
6 12 13.4 1
6 13 5.87 1
6 14 3 1
6 16 2.665 1.64
6 19 7.108 1
6 20 8.219 1
6 22 12.7 1.32
6 23 5.679 1.3
6 24 11.67 1.5
6 25 9.42 1.4
6 26 1.648 1
6 28 6.6 1.441
6 29 7.77 1
6 30 7.28 1
6 31 3 1.6
6 32 2.79 1
6 33 5.639 1.23
6 34 1.3 1.539
6 35 12.25 1
6 36 5.1 1.627
6 37 11.6 1.3
6 38 7.837 1.647
6 39 5.081 1
6 40 1.6 1.529
6 41 8 1.28
6 42 9.97 1
6 43 3.3 1
6 44 12.26 1.4
6 46 4.9 1.632
6 47 5.121 1.631
6 48 0 1
6 49 0 1.37
7 8 7.995 1.65
7 9 3.77 1.2
7 10 7.49 1
7 11 9.4 1.101
7 12 11.8 1.0
7 13 12 1.68
7 14 10.3 1.3
7 15 8.3 1
7 16 7 1.6
7 17 12.49 1
7 18 0 1.66
7 19 9.58 1.02
7 20 3.75 1.4
7 21 9 1
7 22 3.08 1.0
7 23 0.168 1
7 24 6.9 1.647
7 25 10 1.6
7 26 7 1.553
7 27 6.985 1.5
7 28 9.44 1
7 29 6.4 1
7 30 12 1
7 31 2.6 1.4
7 32 8.979 1
7 33 3.7 1.575
7 34 0 1
7 35 0 1.27
7 36 9.7 1
7 37 9.48 1
7 38 11.11 1.635
7 40 9 1.219
7 41 11.4 1.197
7 42 5.4 1.023
7 43 6.66 1
7 44 5 1.31
7 45 12.96 1.291
7 46 1 1
7 47 11.87 1.62
7 48 1.573 1.559
7 49 8.6 1.04
8 9 5 1.64
8 10 9.64 1.6
8 11 4.055 1.6
8 12 0.92 1.637
8 13 0 1.64
8 14 8 1.5
8 15 10.251 1.4
8 17 9.1 1.4
8 18 3.497 1
8 19 4.9 1.675
8 20 3.0 1.5
8 21 0 1.4
8 22 4.6 1.5
8 23 13.2 1.526
8 26 9.9 1
8 27 6.84 1.57
8 28 7.92 1.53
8 29 8.668 1.633
8 30 7 1
8 32 0.19 1.4
8 33 2.6 1.672
8 34 7.97 1.5
8 35 1 1.5
8 36 7 1.6
8 37 6 1.51
8 38 5.357 1
8 39 2.565 1.472
8 40 4.5 1.6
8 41 2 1
8 42 10.5 1
8 43 1 1.526
8 44 2.3 1.4
8 45 8.57 1.4
8 46 8 1.4
8 47 10 1.6
8 48 10.48 1
8 49 3.242 1
9 10 9.5 1.4
9 11 13.84 1.53
9 12 6.4 1.355
9 13 9 1.632
9 14 5.09 1.46
9 16 3.3 1.4
9 19 12.62 1.35
9 20 11 1.519
9 22 15 1.253
9 23 19.27 1.2
9 24 7.213 1
9 25 4.945 1.52
9 26 10 1
9 28 2.0 1.3
9 29 7 1.644
9 30 10 1.607
9 31 0.95 1.51
9 32 5.7 1
9 33 4.4 1
9 34 6 1
9 35 18 1.53
9 36 5.989 1
9 37 1 1.5
9 38 2 1.61
9 39 0.21 1
9 40 2 1.4
9 41 0.9 1
9 42 1.969 1.3
9 43 8.16 1.5
9 44 9.4 1.1
9 46 1 1.654
9 47 4.525 1.677
9 48 3 1.581
9 49 11.3 1
10 11 8.452 1.481
10 12 6.46 1.572
10 13 10.82 1.6
10 14 1.4 1.25
10 15 9.15 1.603
10 16 2 1
10 17 11.4 1.63
10 18 9.92 1.23
10 19 1 1.26
10 20 7.377 1.67
10 21 10.037 1.6
10 22 3.75 1
10 23 5.1 1.17
10 24 7.7 1.624
10 25 2.1 1
10 26 8 1.6
10 27 5.893 1.553
10 28 0.839 1.17
10 29 1.958 1.6
10 30 3.38 1.6
10 31 11.6 1.6
10 32 6 1.27
10 34 8.04 1
10 35 3 1.4
10 36 1 1.67
10 38 4 1.634
10 39 8.1 1.288
10 40 0.26 1.541
10 42 9.926 1.62
10 44 9.6 1.3
10 45 7 1.17
10 46 2.95 1
10 47 7.47 1.6
10 48 0 1.5
10 49 8.2 1
11 12 20.8 1.5
11 13 0.379 1.65
11 14 1.79 1
11 15 8 1.1
11 16 5.8 1.53
11 17 14 1
11 18 9.71 1.31
11 19 2.4 1.4
11 21 3.9 1.488
11 24 13.88 1.446
11 25 9.17 1
11 26 12.04 1.37
11 27 1 1.61
11 28 5.0 1.0
11 29 8.11 1
11 30 9.1 1.5
11 31 1.91 1.6
11 32 2.9 1.632
11 33 7.32 1
11 34 9.1 1.511
11 35 7 1
11 36 15.7 1.655
11 37 0 1.48
11 38 1.92 1.647
11 39 9 1.4
11 40 8.06 1.261
11 41 5 1
11 42 1.605 1
11 43 9.849 1
11 44 3 1.28
11 45 13.6 1.171
11 46 3.27 1
11 47 3.9 1.616
11 48 6.9 1.4
11 49 21.377 1.6
12 13 3 1.653
12 14 3.815 1.61
12 15 4.893 1.17
12 16 11 1.67
12 17 5.3 1.64
12 18 8.8 1.534
12 19 17 1.054
12 20 16 1
12 21 6.2 1.563
12 22 6.52 1.09
12 23 21 1.53
12 24 13.4 1
12 25 5.092 1
12 27 15.722 1
12 28 9.654 1.04
12 29 1.9 1.628
12 30 9.76 1.625
12 31 14.112 1
12 32 3.765 1.56
12 33 1.52 1.2
12 34 2 1
12 35 22.47 1
12 36 8.53 1.6
12 37 4.77 1.2
12 38 10.532 1.63
12 39 0.01 1.4
12 40 1 1.436
12 41 1 1
12 42 15.2 1
12 43 2.07 1.6
12 44 22.24 1.088
12 45 15.8 1.579
12 46 5.5 1.33
12 47 11.9 1
12 48 15.2 1.58
13 14 0.18 1.624
13 15 8.681 1.64
13 16 0 1.62
13 17 16.341 1.676
13 18 3.134 1.63
13 19 6 1.6
13 20 2.21 1
13 21 4.28 1.63
13 22 5.86 1.6
13 23 11.274 1.63
13 24 0.314 1.6
13 25 7.94 1.62
13 26 8.8 1.6
13 27 7.306 1.6
13 28 8.83 1
13 29 2.89 1.62
13 30 13.5 1
13 31 14.184 1
13 32 4 1.63
13 33 6.6 1.62
13 34 7.9 1.678
13 35 6.0 1.64
13 37 2.505 1.6
13 38 11 1.63
13 39 11.248 1.6
13 40 8 1.6
13 41 9.29 1.6
13 42 10.769 1.67
13 43 2.619 1
13 44 11.672 1.62
13 45 12.602 1.6
13 46 6 1.65
13 48 3.7 1.63
13 49 11.503 1.647
14 15 2 1.3
14 16 8.09 1
14 17 8.6 1
14 18 2.3 1.3
14 19 2.406 1.37
14 20 0.535 1
14 21 7 1.3
14 22 6.0 1
14 23 10.065 1
14 24 9 1.488
14 25 9.29 1.43
14 26 0.29 1
14 27 9.017 1.16
14 29 8.493 1.6
14 30 5.2 1.6
14 31 4.927 1.42
14 33 7.442 1.598
14 34 2.04 1.56
14 35 1.7 1.209
14 36 0 1.66
14 37 6.661 1.176
14 38 0.447 1
14 39 1.952 1.1
14 41 7.4 1.334
14 42 1.78 1
14 43 6 1.4
14 44 3.6 1.47
14 45 9.565 1
14 47 6.1 1.6
14 48 10.01 1.498
14 49 1 1.39
15 16 3.013 1
15 19 4.521 1.311
15 20 1.949 1.181
15 22 9.725 1.5
15 23 10.97 1.13
15 24 13.694 1.53
15 25 9.751 1.557
15 26 9.953 1.3
15 28 10 1
15 29 7.912 1.665
15 30 2.37 1.491
15 31 7.166 1.5
15 32 1.553 1.3
15 33 1 1
15 34 8.9 1.4
15 35 19.784 1.41
15 36 3 1
15 37 5 1.5
15 38 9 1.64
15 39 10.713 1
15 40 3.5 1.24
15 41 0.8 1.5
15 42 19.939 1.5
15 43 3.205 1.44
15 44 18.826 1.43
15 46 6.556 1.201
15 47 15 1.6
15 48 3.66 1.61
15 49 18 1
16 17 5 1.664
16 18 5 1.6
16 19 3.6 1
16 20 0 1.4
16 21 2.4 1.54
16 22 4.4 1.6
16 23 12 1
16 26 3.4 1.481
16 27 10.538 1
16 28 4.1 1.5
16 29 11.241 1.6
16 30 6.5 1
16 32 11.292 1.6
16 33 4.929 1
16 34 4 1.6
16 35 6.2 1.675
16 36 9.41 1
16 37 6.1 1.5
16 38 5 1.66
16 39 5.6 1.64
16 40 7 1
16 41 6 1.5
16 42 1.508 1.4
16 43 3.8 1.5
16 44 3.9 1.6
16 45 8 1.626
16 46 0.95 1.5
16 47 11.74 1.641
16 48 4 1
16 49 11.8 1.5
17 19 11.7 1.48
17 20 5 1.5
17 22 10.8 1.176
17 23 1.41 1.2
17 24 11.9 1.5
17 25 13.964 1.59
17 26 4.55 1.5
17 28 1.436 1
17 29 8.3 1
17 30 6.2 1.522
17 31 10.64 1
17 32 3.86 1.105
17 33 9.1 1
17 34 4 1.55
17 35 13.56 1.535
17 36 6.29 1.674
17 37 8.1 1
17 38 9.9 1.62
17 39 12 1.66
17 40 10.972 1.565
17 41 6.36 1.39
17 42 13 1.59
17 43 8.0 1.1
17 44 13.921 1.1
17 46 8 1
17 47 7 1.63
17 48 1.066 1
17 49 11.1 1.2
18 19 12.0 1.26
18 20 14.7 1.5
18 22 8.5 1.194
18 23 3 1.63
18 24 2.83 1.589
18 25 6.56 1.5
18 26 17 1.2
18 28 8 1.53
18 29 9 1
18 30 2.8 1.6
18 31 6.1 1.5
18 32 4.824 1.41
18 33 4.18 1
18 34 4 1.5
18 35 7.4 1.672
18 36 14.543 1.6
18 37 6 1
18 38 2.777 1
18 39 4.842 1
18 40 0.05 1
18 41 10.96 1.26
18 42 8.716 1.6
18 43 9.004 1.387
18 44 13.31 1.43
18 46 2.6 1.102
18 47 12.254 1.642
18 48 0.781 1.518
18 49 18 1.286
19 20 10 1
19 21 16.366 1.14
19 22 11.6 1
19 23 13.03 1
19 24 13.95 1
19 25 4.625 1
19 26 1.156 1.557
19 27 2.78 1.4
19 28 6.146 1.4
19 29 3.42 1
19 30 9.7 1.6
19 31 10.363 1.567
19 32 8.57 1.6
19 33 5.52 1
19 34 14 1.6
19 36 2.15 1
19 37 11 1.2
19 38 4.3 1.6
19 39 2.07 1.1
19 40 11 1
19 41 6.5 1.562
19 43 3.2 1.653
19 45 19.676 1.126
19 46 6.78 1
19 47 6 1
19 48 13.47 1.5
19 49 21.537 1.46
20 21 4.49 1.2
20 24 3.248 1
20 25 3.7 1
20 26 14 1
20 27 2.0 1
20 28 9.413 1.3
20 29 7 1.6
20 30 2.152 1
20 31 13.0 1
20 32 9.697 1.34
20 33 2.5 1.3
20 34 11.95 1.64
20 35 5.03 1
20 36 16.467 1.6
20 37 4.8 1.411
20 38 3.9 1.6
20 39 3 1.53
20 40 2.6 1.5
20 41 2 1
20 42 2.1 1.4
20 43 9.71 1.25
20 44 9.5 1.0
20 45 19.69 1
20 46 3.0 1
20 47 6.061 1.61
20 48 2 1
20 49 8.93 1.05
21 22 13.887 1.47
21 23 19 1.67
21 24 7.709 1.401
21 25 0.54 1.63
21 26 5.39 1.133
21 28 8 1.3
21 29 10.2 1.65
21 30 14.433 1.51
21 31 11.406 1.41
21 32 4.7 1.4
21 33 10.717 1.5
21 34 12.904 1
21 35 12.52 1.5
21 36 4 1.628
21 37 3 1.531
21 38 8.73 1.6
21 39 7.202 1.516
21 40 4.993 1
21 41 7.3 1.26
21 42 0.631 1.2
21 43 10.59 1
21 44 18.3 1.16
21 46 2 1.5
21 47 4.0 1.623
21 48 5.5 1
21 49 8.5 1.31
22 24 3.6 1.6
22 25 4.0 1.5
22 26 11.914 1.509
22 27 0.263 1.381
22 28 8.7 1.167
22 29 0.67 1.67
22 30 15 1
22 31 2 1.6
22 32 10.5 1.538
22 33 0 1.4
22 34 9.3 1.5
22 35 20 1
22 36 2.5 1
22 37 4 1.5
22 38 2.944 1
22 39 10.54 1
22 40 4.1 1.438
22 41 9.71 1.2
22 42 0.683 1.07
22 43 3.07 1.65
22 44 21.5 1
22 45 5.481 1.606
22 46 7.8 1.4
22 47 2.85 1.6
22 48 13 1.54
22 49 21 1.46
23 24 8.38 1.5
23 25 4.9 1.613
23 26 7.402 1.3
23 27 1.15 1.57
23 28 11.3 1.42
23 29 11 1
23 30 1.6 1.4
23 31 12.16 1.4
23 32 8 1.21
23 33 10.902 1
23 34 0 1.572
23 35 20 1.226
23 36 6.914 1.67
23 37 2 1.26
23 38 5.659 1.6
23 39 7.2 1.53
23 40 10 1
23 41 9 1
23 42 16.158 1.38
23 43 4.3 1.5
23 44 14.719 1
23 45 15.4 1.528
23 46 8 1.622
23 47 10.64 1.66
23 48 10.36 1.61
23 49 19.05 1.668
24 26 11 1.464
24 27 8.1 1
24 28 11.18 1
24 29 1.2 1.67
24 30 10.3 1.6
24 32 5.796 1.48
24 33 11.09 1.641
24 34 10.5 1.67
24 35 5 1.4
24 36 12 1
24 37 4.39 1.54
24 38 7.8 1.6
24 39 10.8 1.615
24 40 4 1
24 41 2.81 1.52
24 42 7.8 1
24 43 0.4 1.5
24 44 12.99 1.4
24 45 2.34 1.67
24 46 1.424 1.49
24 47 12 1.6
24 48 12 1.5
24 49 13.4 1
25 26 12 1.5
25 27 8 1.4
25 28 2.62 1.4
25 29 10 1.6
25 30 8 1
25 32 4.0 1
25 33 6 1
25 34 7.22 1.595
25 35 14.1 1.6
25 36 1.839 1
25 37 8.244 1.57
25 38 7.21 1.671
25 39 7.9 1.4
25 40 2.379 1.4
25 41 5.29 1.49
25 42 11.244 1.6
25 43 10 1.6
25 44 8.95 1
25 45 13.9 1.6
25 46 3.87 1
25 47 13.2 1.636
25 48 1 1.4
25 49 13.7 1.47
26 27 2.4 1
26 28 5 1.0
26 29 7.7 1.6
26 30 3.02 1.6
26 31 0.48 1
26 32 10.31 1
26 33 11.31 1.4
26 34 11.16 1
26 35 19 1
26 36 9 1.6
26 37 1.9 1.6
26 38 4.0 1.64
26 39 11.434 1.643
26 40 4 1
26 41 6.94 1
26 42 7.138 1.17
26 43 3.761 1
26 44 2.9 1.007
26 45 16 1.218
26 46 4 1
26 47 2.3 1.636
26 48 14.858 1.6
27 28 4.613 1.3
27 29 7.978 1.68
27 30 3.36 1.594
27 31 5.558 1.53
27 32 0.6 1.5
27 33 10.3 1.51
27 34 4.446 1
27 35 9.3 1
27 36 5.66 1.638
27 37 2.2 1.249
27 38 10 1.68
27 39 5.93 1.2
27 40 4.093 1.37
27 41 0.4 1.55
27 42 15.1 1.155
27 43 10 1.2
27 44 11.52 1.2
27 46 9.45 1
27 47 11.395 1.6
27 48 2.68 1.6
27 49 15.56 1
28 29 7.65 1.62
28 30 9.0 1.52
28 31 10.324 1.479
28 33 0.93 1.56
28 34 9.11 1.618
28 35 9 1.076
28 36 3.307 1
28 37 5 1.15
28 38 2.85 1.6
28 39 6.5 1.28
28 41 6.554 1.56
28 42 7.98 1.1
28 43 5.739 1.3
28 44 6.468 1
28 45 8 1.3
28 47 7.8 1.638
28 48 10 1.539
28 49 8.623 1.6
29 30 5 1.643
29 31 9 1
29 32 0.3 1
29 33 5.5 1.6
29 34 1.73 1.6
29 35 9.96 1.6
29 36 7.9 1.6
29 37 1.8 1.6
29 38 9.863 1.628
29 39 3.621 1.65
29 40 3.2 1.6
29 41 0.6 1.66
29 42 10.142 1.653
29 43 2.13 1
29 44 7 1.6
29 45 3 1
29 46 3.03 1.643
29 47 4.6 1.645
29 48 2.309 1
29 49 1 1.65
30 31 12.1 1.67
30 32 11 1.6
30 33 11 1.4
30 35 14.165 1
30 36 10 1.61
30 37 11 1
30 38 5.189 1.6
30 39 2 1.6
30 40 10.5 1.494
30 41 2.5 1.622
30 42 1.39 1.579
30 43 0 1.5
30 44 14 1.6
30 45 3.0 1.5
30 46 6 1.575
30 47 6.43 1
30 49 3 1.5
31 32 7.1 1
31 33 9 1
31 34 7.093 1.5
31 35 0.3 1.556
31 36 2.62 1.6
31 37 0 1
31 38 2.66 1.636
31 39 10.58 1.673
31 40 6.6 1.6
31 41 1 1
31 42 11.3 1.412
31 43 9.3 1.6
31 44 6 1.66
31 45 5.885 1
31 46 7.5 1.59
31 47 4 1.6
31 48 6.53 1.56
31 49 8.225 1.61
32 33 4.2 1.435
32 34 1.83 1.56
32 35 3.01 1.396
32 36 4.7 1.6
32 37 5.0 1.6
32 38 2.429 1.64
32 39 1.238 1.32
32 41 10.0 1.3
32 42 10.237 1.61
32 43 1.021 1.3
32 44 2.63 1.38
32 45 6.89 1.1
32 47 11.11 1.66
32 48 10.91 1.6
32 49 3 1
33 34 8.4 1
33 35 7 1.447
33 36 11.08 1.66
33 38 7 1.6
33 39 8 1
33 40 3.385 1
33 42 6.2 1.5
33 44 2.47 1
33 45 7.5 1.523
33 46 5.62 1.39
33 47 9.04 1.614
33 48 0.717 1.6
33 49 0 1.6
34 35 1 1
34 36 2.26 1.642
34 37 7 1.4
34 38 6.794 1.67
34 39 10.91 1.5
34 40 5.35 1.63
34 41 4.7 1.645
34 42 11.144 1.6
34 43 10.296 1.57
34 44 10 1.654
34 45 10.005 1.52
34 46 6.8 1.6
34 47 10.693 1.6
34 49 12.659 1
35 36 5.3 1
35 37 2.93 1.3
35 38 2 1.6
35 39 4.0 1.5
35 40 0 1.239
35 41 2 1.612
35 43 0 1.152
35 45 12.1 1.46
35 46 9.2 1
35 47 11.558 1.62
35 48 10 1.56
35 49 12.03 1.5
36 37 7.494 1.64
36 38 5.5 1.67
36 39 10 1.6
36 40 2.3 1.659
36 41 0.68 1.6
36 42 1.0 1.679
36 43 1.7 1
36 44 13.665 1
36 45 9.67 1.6
36 46 3.782 1
36 48 8 1.6
36 49 6.0 1.6
37 38 4.81 1
37 39 0 1
37 40 4.8 1.211
37 42 5.455 1.504
37 44 3 1.3
37 45 3.7 1.198
37 46 5.15 1
37 47 4 1.6
37 48 4 1
37 49 7 1.2
38 39 6 1
38 40 4.9 1.6
38 41 3.37 1.63
38 42 2.211 1.656
38 43 2.26 1.645
38 44 0.774 1.6
38 45 0.24 1
38 46 6.0 1
38 47 3.872 1.67
38 48 10.25 1.6
38 49 5.01 1.6
39 40 1 1.36
39 41 11.0 1.46
39 42 6 1.67
39 43 5.355 1
39 44 7.68 1
39 45 10.0 1.433
39 46 1.1 1.629
39 47 7.6 1.62
39 48 1.81 1.5
39 49 7.924 1.23
40 41 7.21 1
40 42 4.136 1.2
40 43 0 1.3
40 44 9 1.5
40 45 10.51 1
40 47 5 1.62
40 48 2 1.5
40 49 7.632 1.3
41 42 9.6 1.443
41 44 2.5 1.446
41 45 7.89 1.16
41 46 3.606 1
41 47 8.475 1
41 48 0.5 1.67
41 49 11.74 1.5
42 43 1.974 1.68
42 45 7.05 1.242
42 46 10.86 1
42 47 8.721 1.67
42 48 5.94 1.58
42 49 18.8 1.107
43 44 11.1 1.4
43 45 3.281 1.385
43 46 8 1.4
43 47 7.1 1.6
43 48 5.8 1.58
43 49 6.037 1.335
44 45 18.871 1.35
44 46 6.604 1.08
44 47 11.0 1.655
44 48 6 1.54
44 49 11.02 1.1
45 46 8.9 1.3
45 47 3 1.62
45 48 9.536 1.5
45 49 5.619 1.501
46 47 3.557 1.664
46 48 6.02 1.6
46 49 8.7 1
47 48 5.293 1.66
47 49 14.05 1.62
48 49 13.675 1.65
